C,250.00,GOOG101218C00250000,218.60, 0.00,249.50,252.80,1,13
C,280.00,GOOG101218C00280000,194.30, 0.00,220.10,223.00,10,10
C,290.00,GOOG101218C00290000,184.60, 0.00,210.10,213.20,10,10
C,300.00,GOOG101218C00300000,195.15, 0.00,201.40,203.00,10,41
C,340.00,GOOG101218C00340000,134.65, 0.00,161.60,164.30,10,11
C,350.00,GOOG101218C00350000,114.00, 0.00,151.90,154.40,10,10
C,370.00,GOOG101218C00370000,91.54, 0.00,133.00,135.40,2,2
C,380.00,GOOG101218C00380000,123.50, 0.00,124.50,126.10,1,9
C,390.00,GOOG101218C00390000,104.30, 0.00,115.30,117.00,0,10
C,400.00,GOOG101218C00400000,106.40, 3.60,106.30,107.70,10,457
C,410.00,GOOG101218C00410000,92.40, 0.00,97.20,99.30,2,96
C,420.00,GOOG101218C00420000,66.90, 0.00,88.30,90.70,2,42
C,430.00,GOOG101218C00430000,88.40, 0.00,80.10,82.20,2,57
C,440.00,GOOG101218C00440000,77.30, 0.00,73.10,73.90,10,131
C,450.00,GOOG101218C00450000,63.00, 7.00,65.40,66.20,3,279
C,460.00,GOOG101218C00460000,58.20, 4.80,57.90,59.10,10,236
C,470.00,GOOG101218C00470000,51.50, 4.81,51.50,52.20,53,374
C,480.00,GOOG101218C00480000,45.20, 4.80,45.00,45.70,29,460
C,490.00,GOOG101218C00490000,38.80, 5.00,38.50,39.70,15,263
C,500.00,GOOG101218C00500000,33.80, 3.64,33.20,34.20,72,921
C,510.00,GOOG101218C00510000,27.60, 4.70,28.20,29.20,34,357
C,520.00,GOOG101218C00520000,24.30, 3.20,24.20,24.90,11,639
C,530.00,GOOG101218C00530000,20.20, 2.80,20.20,20.90,40,305
C,540.00,GOOG101218C00540000,16.70, 2.40,16.80,17.20,15,303
C,550.00,GOOG101218C00550000,13.97, 1.73,13.80,14.30,194,747
C,560.00,GOOG101218C00560000,11.20, 1.60,11.20,11.50,118,814
C,570.00,GOOG101218C00570000,9.27, 1.03,9.00,9.30,12,664
C,580.00,GOOG101218C00580000,7.40, 0.80,7.10,7.40,125,390
C,590.00,GOOG101218C00590000,5.60, 0.90,5.70,6.00,25,296
C,600.00,GOOG101218C00600000,4.70, 0.30,4.40,4.80,112,1,610
C,610.00,GOOG101218C00610000,3.50, 0.50,3.50,3.80,10,449
C,620.00,GOOG101218C00620000,2.85, 0.25,2.75,2.95,27,291
C,630.00,GOOG101218C00630000,2.25, 0.15,2.15,2.30,37,116
C,640.00,GOOG101218C00640000,1.75, 0.10,1.65,1.85,11,143
C,650.00,GOOG101218C00650000,1.30, 0.15,1.30,1.45,10,298
C,660.00,GOOG101218C00660000,1.05, 0.10,1.00,1.15,42,184
C,670.00,GOOG101218C00670000,0.85, 0.20,0.75,0.90,1,82
C,680.00,GOOG101218C00680000,0.40, 0.00,0.55,0.70,1,64
C,690.00,GOOG101218C00690000,0.40, 0.00,0.40,0.60,10,48
C,700.00,GOOG101218C00700000,0.35, 0.05,0.35,0.45,52,378
C,710.00,GOOG101218C00710000,0.19, 0.00,0.30,0.40,1,84
C,720.00,GOOG101218C00720000,0.40, 0.00,0.15,0.45,5,68
C,730.00,GOOG101218C00730000,0.60, 0.00,0.10,0.45,9,51
C,740.00,GOOG101218C00740000,0.55, 0.00,N/A,0.40,1,66
C,750.00,GOOG101218C00750000,0.95, 0.00,N/A,0.20,0,46
C,760.00,GOOG101218C00760000,0.50, 0.00,N/A,0.20,5,36
C,770.00,GOOG101218C00770000,0.45, 0.00,N/A,0.20,2,26
C,780.00,GOOG101218C00780000,0.15, 0.00,N/A,0.20,422,177
C,790.00,GOOG101218C00790000,0.25, 0.00,N/A,0.20,22,34
C,800.00,GOOG101218C00800000,0.60, 0.00,N/A,0.15,0,56
C,810.00,GOOG101218C00810000,1.25, 0.00,N/A,0.15,0,47
C,820.00,GOOG101218C00820000,0.20, 0.00,N/A,0.20,1,16
C,830.00,GOOG101218C00830000,0.05, 0.00,N/A,0.15,2,46
C,830.00,GOOG101218C00830000,0.05, 0.00,N/A,0.15,2,46
P,220.00,GOOG101218P00220000,1.10, 0.00,0.45,0.60,10,104
P,230.00,GOOG101218P00230000,0.50, 0.15,0.50,0.65,51,88
P,240.00,GOOG101218P00240000,1.55, 0.00,0.55,0.70,10,156
P,250.00,GOOG101218P00250000,0.65, 0.40,0.65,0.80,65,107
P,260.00,GOOG101218P00260000,0.75, 0.15,0.70,0.85,17,95
P,270.00,GOOG101218P00270000,0.95, 0.06,0.80,0.95,32,50
P,280.00,GOOG101218P00280000,0.95, 0.25,0.90,1.05,52,155
P,290.00,GOOG101218P00290000,1.15, 0.15,1.00,1.15,12,165
P,300.00,GOOG101218P00300000,1.30, 0.15,1.15,1.30,21,1,155
P,310.00,GOOG101218P00310000,1.60, 0.00,1.30,1.45,11,230
P,320.00,GOOG101218P00320000,1.90, 0.12,1.55,1.70,10,251
P,330.00,GOOG101218P00330000,2.10, 0.00,1.80,1.95,4,169
P,340.00,GOOG101218P00340000,2.25, 0.15,2.10,2.30,6,328
P,350.00,GOOG101218P00350000,2.65, 0.15,2.50,2.65,10,2,466
P,360.00,GOOG101218P00360000,3.40, 0.10,3.00,3.20,5,1,143
P,370.00,GOOG101218P00370000,3.70, 0.10,3.50,3.70,209,440
P,380.00,GOOG101218P00380000,4.37, 0.03,4.20,4.40,563,858
P,390.00,GOOG101218P00390000,5.20, 0.00,5.00,5.30,1,310,735
P,400.00,GOOG101218P00400000,6.10, 0.00,6.10,6.60,2,886,1,592
P,410.00,GOOG101218P00410000,8.10, 0.90,7.30,7.90,376,742
P,420.00,GOOG101218P00420000,8.90, 0.50,8.70,9.10,378,554
P,430.00,GOOG101218P00430000,10.70, 0.60,10.50,10.80,913,368
P,440.00,GOOG101218P00440000,13.10, 1.40,12.40,12.90,599,760
P,450.00,GOOG101218P00450000,14.90, 1.00,14.70,15.10,93,1,175
P,460.00,GOOG101218P00460000,18.00, 1.60,17.40,18.00,254,417
P,470.00,GOOG101218P00470000,20.81, 1.31,20.50,21.00,42,723
P,480.00,GOOG101218P00480000,24.80, 2.10,24.10,24.70,176,843
P,490.00,GOOG101218P00490000,29.40, 2.80,28.10,29.30,268,472
P,500.00,GOOG101218P00500000,33.00, 2.40,32.60,33.40,62,297
P,510.00,GOOG101218P00510000,38.50, 3.30,37.40,38.60,35,139
P,520.00,GOOG101218P00520000,41.20, 2.40,43.10,44.00,2,142
P,530.00,GOOG101218P00530000,51.00, 3.90,49.00,50.00,25,115
P,540.00,GOOG101218P00540000,51.30, 0.00,55.60,56.60,30,82
P,550.00,GOOG101218P00550000,63.00, 2.80,62.30,63.60,15,170
P,560.00,GOOG101218P00560000,71.20, 1.31,69.80,71.00,15,80
P,570.00,GOOG101218P00570000,81.50, 9.50,77.50,78.90,5,65
P,580.00,GOOG101218P00580000,110.40, 0.00,85.60,87.00,1,44
P,590.00,GOOG101218P00590000,88.80, 0.00,94.20,95.50,1,87
P,600.00,GOOG101218P00600000,147.50, 0.00,102.80,104.40,30,55
P,610.00,GOOG101218P00610000,128.70, 0.00,111.90,113.40,4,24
P,620.00,GOOG101218P00620000,134.90, 0.00,121.10,122.60,0,29
P,630.00,GOOG101218P00630000,121.10, 0.00,130.60,132.00,0,17
P,640.00,GOOG101218P00640000,189.00, 0.00,140.10,141.60,1,14
P,650.00,GOOG101218P00650000,151.50, 0.80,149.80,151.20,1,7
P,660.00,GOOG101218P00660000,160.00, 0.00,159.50,161.00,0,2
P,690.00,GOOG101218P00690000,197.78, 0.00,189.00,190.60,10,10
P,700.00,GOOG101218P00700000,207.21, 0.00,199.00,200.60,52,52
P,740.00,GOOG101218P00740000,276.60, 0.00,238.70,240.60,10,10
